4.991232
3.358148
2.919764
2.543313
2.529633
2.153139
2.021475
1.976395
1.799554
1.737908
1.655621
1.605431
1.578350
1.539828
1.516459
1.434739
1.378605
1.353373
1.276903
1.313378
2.485162
1.542738
1.419064
1.358112
1.280561
1.201959
1.195609
1.194148
1.152574
1.072293
1.350964
1.128086
1.038024
0.993208
0.967333
0.903145
0.894360
0.914676
0.880638
0.831560
0.922872
0.874973
0.865214
0.849346
0.850568
0.855403
0.822912
0.842768
0.797529
0.791223
1.236116
1.005180
0.896791
0.858184
0.840134
0.788071
0.807220
0.780562
0.833421
0.787521
0.804804
0.765190
0.776731
0.722127
0.767293
0.748080
0.696537
0.727889
0.723100
0.723389
0.685533
0.727592
0.683342
0.718771
0.693708
0.677281
0.684704
0.690407
0.708375
0.676624
