4.521911
3.068916
2.494864
2.196572
2.126230
1.809300
1.711110
1.638553
1.559951
1.423721
1.450410
1.345294
1.282916
1.200703
1.218088
1.169043
1.137093
1.119033
1.113706
1.041907
2.154903
1.296929
1.162430
1.065018
1.321671
1.056947
0.974803
0.950554
0.891620
0.891512
1.053181
0.882061
0.834975
0.807900
0.795181
0.773911
0.755916
0.726610
0.723999
0.723370
0.691602
0.683249
0.702727
0.713560
0.659752
0.635666
0.642127
0.667127
0.662773
0.610828
0.950220
0.873091
0.821124
0.811419
0.788544
0.793259
0.775983
0.755670
0.751973
0.744520
0.751638
0.728829
0.720673
0.711731
0.712235
0.694235
0.730775
0.740115
0.682729
0.719485
0.705130
0.680522
0.691069
0.698864
0.675418
0.680425
0.703768
0.655485
0.667378
0.645655
0.654557
0.646284
0.623561
0.655944
0.652175
0.645950
0.649249
0.648082
0.638021
0.631222
0.650196
0.648251
0.659052
0.661762
0.676459
0.900937
0.799388
0.751036
0.731116
0.709254
0.706377
0.673320
0.675539
0.718993
0.668932
0.671967
0.680384
0.700854
0.677054
0.684644
0.669973
0.674580
0.676579
0.681343
0.657931
